0 0.036140624999999996 0.60840625 0.029296875 0.080078125
0 0.13770312499999998 0.546875 0.052734375 0.08203125
0 0.33203125 0.509765625 0.03515625 0.046875
0 0.23046875 0.508796875 0.0234375 0.056640625
0 0.399421875 0.546875 0.037109375 0.0703125
0 0.49903125 0.536140625 0.025390625 0.080078125
0 0.5341875 0.5703125 0.025390625 0.07421875
0 0.696296875 0.52246875 0.044921875 0.056640625
0 0.60546875 0.481453125 0.046875 0.052734375
0 0.7734375 0.526375 0.02734375 0.052734375
0 0.935546875 0.552734375 0.03515625 0.078125